-0.9414 -1.9991 -0.3788
2.4832 2.6691 -0.8122
0.2337 0.9752 0.5117
-1.3664 -1.6714 -0.0916
2.2632 1.7223 -0.1377
-1.2068 0.1685 0.8992
-1.8821 -1.8649 -0.2644
-0.8439 -1.9213 -0.3132
3.1056 -1.5134 0.0523
0.4252 -0.4626 0.8163
1.9118 3.0232 -0.9058
-1.6265 2.6248 -0.7930
-1.5739 -1.7404 -0.1540
0.6309 1.9851 -0.3672
2.2492 -2.9821 -0.9006
-1.4019 1.3950 0.1595
1.8172 1.2551 0.2832
0.1133 -0.7303 0.6795
-1.6309 -1.0580 0.4475
1.7001 -0.0185 0.9120
1.1058 2.3942 -0.6690
2.9757 1.3205 0.2259
-1.4033 -0.1158 0.9060
-1.3889 -1.7844 -0.1934
0.0734 0.9108 0.5593
-2.9929 2.0990 -0.4597
0.1175 2.9052 -0.8868
2.1428 -2.9383 -0.8934
-1.0405 0.9689 0.5165
-1.1526 -0.4768 0.8104
-0.3586 2.2030 -0.5390
-1.1782 -2.9801 -0.9003
-0.8842 -3.1244 -0.9120
-1.9186 0.9223 0.5509
1.1686 -2.9746 -0.8995
2.5130 -0.1670 0.8995
0.9565 -2.0814 -0.4458
-1.9358 1.1778 0.3493
0.9445 1.2170 0.3160
2.8897 -1.3310 0.2166
-2.9612 -2.3434 -0.6367
0.3058 1.2816 0.2601
1.0145 -1.8598 -0.2600
2.9440 -0.3873 0.8446
-0.6186 -2.7111 -0.8289
2.2711 -2.1984 -0.5356
0.8067 3.1107 -0.9117
1.2288 1.6621 -0.0832
-2.3031 2.0448 -0.4164
2.1067 -0.0275 0.9118
2.8929 -2.8371 -0.8702
-1.8156 -1.9193 -0.3115
-2.2855 0.7464 0.6696
0.4215 -1.5681 0.0025
0.5648 -1.2875 0.2550
-0.1993 -2.8295 -0.8681
-1.0074 -2.4955 -0.7283
-2.8361 2.2164 -0.5488
-0.9378 1.3486 0.2010
1.0017 1.7896 -0.1980
1.2199 2.4513 -0.7033
-2.7095 0.9874 0.5025
-1.5848 2.6838 -0.8182
-0.0680 1.5758 -0.0046
0.2806 -2.6437 -0.8014
2.2877 -2.8862 -0.8826
2.8072 -2.5303 -0.7470
2.0824 1.1663 0.3590
-0.8451 1.2160 0.3169
-2.5332 -0.6699 0.7150
1.0661 2.1545 -0.5027
-0.5792 -0.1591 0.9006
1.3941 2.6253 -0.7933
-0.1540 1.8436 -0.2458
3.0994 0.0888 0.9086
-1.9037 -2.6019 -0.7825
0.2412 -2.1983 -0.5355
-0.4215 -0.3562 0.8549
-1.2164 3.0522 -0.9085
-0.7701 2.5848 -0.7744
-1.6142 2.9084 -0.8875
-2.3359 1.2832 0.2587
2.1865 -1.0198 0.4775
1.0278 -2.7896 -0.8562
1.0624 2.7423 -0.8404
-2.7243 -0.7844 0.6456
0.2926 0.0602 0.9105
0.3651 0.0725 0.9098
-2.5549 1.7429 -0.1562
-2.7847 2.5655 -0.7649
2.8039 2.6270 -0.7940
2.4336 0.0995 0.9076
0.1532 -2.2083 -0.5429
2.1370 2.5903 -0.7770
1.0327 1.1202 0.3972
1.6272 2.6932 -0.8220
0.5423 -1.0591 0.4466
2.5990 -1.5725 -0.0016
2.5480 -1.8193 -0.2243
-0.2878 -2.8099 -0.8624
1.5716 -2.0391 -0.4117
-2.0347 2.6832 -0.8180
-1.3000 -2.3800 -0.6602
-2.8815 -0.3859 0.8451
-1.9383 -0.2420 0.8856
3.0187 2.1824 -0.5237
-2.5877 -1.6343 -0.0579
2.3065 1.7373 -0.1512
1.6717 -2.5212 -0.7422
2.1579 0.7910 0.6414
-0.4187 -0.7949 0.6388
-2.1886 1.5328 0.0347
2.8774 -1.2026 0.3283
1.2481 2.4063 -0.6765
-1.5037 -2.4759 -0.7174
2.2668 1.1079 0.4073
0.6282 -0.1020 0.9074
2.3538 0.6898 0.7036
-0.0886 3.0918 -0.9110
0.7658 2.8692 -0.8785
-2.3138 1.6175 -0.0426
0.2725 1.1311 0.3883
-1.5239 -0.5765 0.7647
2.0794 -1.5214 0.0450
1.0331 -0.3807 0.8468
1.4267 -2.2161 -0.5486
-0.4763 1.4139 0.1425
2.6364 -1.1717 0.3544
-2.5817 2.4645 -0.7109
-1.3484 -1.2517 0.2861
-1.3061 2.6021 -0.7826
-2.5870 -0.6657 0.7174
-0.8986 -0.1882 0.8960
-0.8171 -2.1007 -0.4610
-0.0073 -2.1640 -0.5099
-1.7432 0.1131 0.9063
-0.0206 0.4170 0.8340
0.0537 -1.9948 -0.3753
-2.1281 1.9853 -0.3674
-0.7736 -2.2487 -0.5721
1.5249 -2.3139 -0.6171
0.0972 -0.9794 0.5085
2.3664 2.0563 -0.4257
0.4329 1.1449 0.3768
0.5938 2.4419 -0.6978
-0.9171 -2.1732 -0.5168
-0.1950 2.6686 -0.8120
1.0834 -1.6747 -0.0946
-1.0859 -1.8921 -0.2881
-0.4192 -1.8163 -0.2217
2.2719 -0.9480 0.5321
-2.6018 0.7697 0.6550
-0.3322 0.7657 0.6576
-0.8991 2.3350 -0.6312
0.9428 -0.7100 0.6917
-2.6271 1.5593 0.0105
1.1424 -0.5862 0.7599
2.1896 -0.6411 0.7310
-0.3093 1.0590 0.4467
-3.1159 0.5508 0.7772
2.5829 -3.1362 -0.9121
-2.8300 -1.6879 -0.1066
-1.9447 2.0340 -0.4076
2.6823 -0.4721 0.8124
-1.7318 0.8614 0.5942
2.0153 -1.7806 -0.1900
-0.5472 1.2497 0.2879
0.7763 2.3563 -0.6451
-0.6951 2.1647 -0.5104
-1.3890 -0.1866 0.8963
-0.0496 -1.5090 0.0563
0.3368 2.0733 -0.4393
0.9421 1.1886 0.3402
-0.4890 -3.0811 -0.9105
-0.2805 -2.4196 -0.6846
-2.7313 -1.8440 -0.2461
1.8398 2.9650 -0.8980
0.0498 0.8324 0.6140
2.3354 -1.4435 0.1158
2.1539 -0.9236 0.5500
0.4441 -1.6546 -0.0764
1.0097 1.4611 0.0999
0.5039 1.7373 -0.1512
-0.6721 -1.1102 0.4054
3.0721 1.9704 -0.3549
-1.9952 0.0095 0.9121
1.0051 -2.1422 -0.4933
3.0999 2.8572 -0.8755
0.4706 1.0791 0.4306
0.2896 0.6792 0.7097
1.1652 1.2260 0.3083
2.5804 0.2747 0.8780
-2.7843 0.9648 0.5195
-0.1507 -1.6997 -0.1173
-2.4939 -1.9871 -0.3689
-2.3591 1.2000 0.3305
-2.9075 2.5600 -0.7622
-0.7395 3.0941 -0.9111
-0.8862 0.9722 0.5140
-3.0771 2.6196 -0.7907
-2.4707 -1.3154 0.2304
0.3848 0.2531 0.8831
1.6105 1.5592 0.0106
1.4945 -2.7881 -0.8558
1.0448 0.0389 0.9115
-2.3716 2.1952 -0.5333
-3.0732 -2.6235 -0.7924
-1.0208 1.8258 -0.2301
-1.2928 -2.9948 -0.9023
-1.0315 0.5859 0.7600
-0.5510 -2.0241 -0.3995
0.2559 1.8785 -0.2763
0.8329 -1.7442 -0.1574
-0.7172 0.4069 0.8377
-0.6892 2.4299 -0.6907
1.0191 0.5173 0.7928
-2.2572 2.0538 -0.4236
-0.1206 -1.0236 0.4746
1.5415 -0.8629 0.5931
2.4414 2.4047 -0.6755
0.8270 2.6811 -0.8171
-0.2970 -2.4175 -0.6833
-1.5746 0.9396 0.5383
0.1298 -1.9988 -0.3786
0.3368 -0.4033 0.8390
0.4484 -2.7169 -0.8311
-0.9836 0.5610 0.7723
3.0776 0.0801 0.9092
1.3997 -1.2024 0.3285
0.9349 -0.7000 0.6977
0.7504 2.6249 -0.7931
-1.2849 2.9816 -0.9005
2.2177 -0.0968 0.9079
-1.6369 1.7046 -0.1217
2.6751 -1.7353 -0.1494
-0.3089 3.0131 -0.9046
0.7177 0.9476 0.5324
-0.1250 -2.1435 -0.4943
-3.0768 0.8847 0.5779
-1.2828 -0.1941 0.8950
1.7553 -3.0929 -0.9111
0.7539 -2.2209 -0.5521
-1.2965 -0.8138 0.6264
1.8965 -0.6330 0.7354
-2.2720 -1.4227 0.1346
-0.2452 -0.9493 0.5311
-2.9455 -1.6454 -0.0680
-1.8821 -0.4353 0.8271
1.9465 2.0480 -0.4189
2.6729 3.0764 -0.9102
2.3112 -1.4698 0.0920
2.7515 2.0766 -0.4419
2.5794 -0.6547 0.7235
0.9205 2.5178 -0.7404
-0.5788 -1.7703 -0.1808
1.0128 -1.4712 0.0907
2.3697 -1.1916 0.3377
-0.3715 0.1128 0.9064
2.1232 -1.8870 -0.2836
1.8536 1.1768 0.3502
2.4172 0.1813 0.8972
0.5969 -2.8829 -0.8818
0.1026 2.7570 -0.8455
-2.1671 1.5594 0.0104
0.9409 0.1003 0.9076
-1.4369 -1.9336 -0.3237
-1.8964 2.5796 -0.7719
1.4418 2.5513 -0.7578
2.0191 -0.9451 0.5342
-2.6719 -2.5346 -0.7492
0.5191 -1.5923 -0.0196
1.1886 -0.1413 0.9031
2.9340 -2.1220 -0.4777
0.1790 -1.3578 0.1928
1.0097 -2.3730 -0.6557
1.4191 -0.6576 0.7219
1.9766 -2.2958 -0.6049
-2.7794 2.0692 -0.4360
1.7432 -0.9338 0.5425
0.8553 -0.9035 0.5645
2.4312 2.7513 -0.8436
0.5011 1.5138 0.0520
-1.8735 2.9263 -0.8911
1.7646 0.9233 0.5502
1.6281 -0.9220 0.5511
-0.9300 1.4391 0.1198
0.8395 -1.2890 0.2537
3.0936 2.9097 -0.8877
-0.6918 -1.2258 0.3085
-2.4378 -2.7631 -0.8476
-2.9244 0.2248 0.8892
0.2686 1.2538 0.2843
-0.9084 0.4171 0.8339
-0.9243 1.2954 0.2480
-1.5146 2.4070 -0.6769
2.3153 2.3803 -0.6603
2.2590 2.6470 -0.8028
1.2350 -1.4255 0.1321
-2.3724 -1.1424 0.3789
1.7835 2.7586 -0.8461
0.3553 1.6620 -0.0831
0.0091 3.0129 -0.9046
0.7764 -1.1846 0.3436
-2.9130 -1.7786 -0.1882
-2.0192 -1.4806 0.0822
-0.4679 -2.1060 -0.4652
-0.5048 -3.0303 -0.9065
1.1495 -2.1037 -0.4634
-1.3753 -1.3884 0.1655
-0.8444 -2.1608 -0.5075
2.7052 1.1538 0.3694
-2.2256 1.5967 -0.0236
-1.1285 -2.3606 -0.6478
-1.1314 -1.1469 0.3752
-0.2875 0.1349 0.9039
0.3167 2.3762 -0.6578
3.0124 1.8789 -0.2766
1.9598 -2.2408 -0.5664
1.2930 -2.1867 -0.5269
-1.6321 0.5614 0.7721
2.2020 0.3941 0.8422
-1.6122 -0.0000 0.9122
-0.9262 1.1401 0.3808
2.8259 1.7716 -0.1819
-1.8981 0.1760 0.8981
-1.0835 1.9064 -0.3004
-1.9631 1.6468 -0.0693
1.8226 -0.7020 0.6965
1.3247 1.2732 0.2675
0.9147 -0.8102 0.6288
1.5025 -2.8898 -0.8834
2.0921 -2.1775 -0.5201
0.7984 0.5155 0.7936
1.6533 2.1566 -0.5043
-2.2347 1.1451 0.3767
0.3831 -0.2153 0.8911
-1.7819 2.8628 -0.8769
-1.0515 -1.4584 0.1023
-0.4252 -0.7028 0.6960
-1.3508 -2.7838 -0.8544
2.2411 -2.9586 -0.8969
0.3652 1.2103 0.3218
2.3576 -1.1508 0.3719
-0.8630 -0.2493 0.8840
-2.1262 -1.8747 -0.2730
2.4196 -1.3136 0.2320
1.1835 0.3566 0.8548
-2.4723 0.1164 0.9060
0.7901 -2.9839 -0.9008
-1.2619 -2.7765 -0.8520
-0.4191 -1.0502 0.4537
1.0340 -2.6109 -0.7867
-1.1048 0.4745 0.8114
-0.0302 1.7356 -0.1496
-0.4688 2.6966 -0.8233
-0.8051 1.7490 -0.1617
1.2013 -2.9750 -0.8995
0.5315 2.4673 -0.7125
1.9502 2.3127 -0.6163
-0.6038 0.2357 0.8869
2.2902 2.1211 -0.4770
0.6062 2.8862 -0.8826
2.4232 1.3799 0.1731
-0.6646 1.0761 0.4331
0.5644 -3.0825 -0.9106
-2.5375 -0.2513 0.8835
-1.4257 0.5957 0.7550
-0.0709 -2.7964 -0.8583
-0.4599 -1.8263 -0.2305
2.6559 -0.2006 0.8939
-2.6662 2.4052 -0.6758
0.4581 -0.6358 0.7339
-0.5040 1.0119 0.4837
2.4916 0.4837 0.8075
-2.8959 1.1840 0.3441
2.4893 -0.3169 0.8667
0.8776 3.0575 -0.9089
2.6159 -0.8275 0.6173
2.6363 -1.5076 0.0576
1.1615 1.7378 -0.1516
0.1387 0.4486 0.8219
0.7879 -1.7521 -0.1645
-2.9010 -2.2122 -0.5458
-0.6017 -2.8393 -0.8708
1.3293 0.6208 0.7420
3.0132 2.1866 -0.5269
-2.2677 -1.6362 -0.0596
0.4663 -2.3562 -0.6450
-1.0448 1.2360 0.2997
1.9405 -1.2993 0.2446
1.1331 -2.8169 -0.8645
-0.0912 1.3047 0.2399
-1.2283 0.0784 0.9093
-2.3068 0.5319 0.7861
1.7781 -1.2048 0.3264
-1.9348 -0.0947 0.9081
-1.5939 2.7754 -0.8517
-1.2267 -0.7434 0.6715
0.9578 -0.4122 0.8358
1.5362 1.3127 0.2328
-2.1154 -0.3397 0.8600
-2.7735 -1.7952 -0.2030
-0.6970 -1.6469 -0.0694
2.4077 -0.3014 0.8710
-1.2868 2.6754 -0.8148
1.7866 0.8231 0.6202
-1.5457 -2.2896 -0.6006
-0.4690 2.7584 -0.8460
-0.8099 2.0728 -0.4389
2.9800 0.6131 0.7460
-2.8437 -1.5947 -0.0218
1.5503 -2.3750 -0.6570
0.4724 -1.8311 -0.2348
-1.3376 -1.1914 0.3378
-0.8325 -0.5256 0.7890
0.0740 0.2339 0.8873
0.5341 -0.3193 0.8660
-0.8137 1.5835 -0.0116
1.2223 0.3238 0.8647
2.7172 -0.8504 0.6017
-1.0109 -2.4047 -0.6755
1.2023 2.0274 -0.4022
2.6717 2.3675 -0.6522
-0.7381 0.6343 0.7347
-2.8797 -1.1420 0.3793
0.8834 -0.7301 0.6797
2.5620 1.0720 0.4363
0.5309 2.2392 -0.5653
0.0480 -2.6793 -0.8164
-1.2198 1.5001 0.0644
1.0380 -0.4387 0.8258
-2.8730 -0.8166 0.6246
-0.6087 -0.1708 0.8989
-2.3541 -2.6226 -0.7920
-2.1027 0.3992 0.8404
1.9468 -2.0685 -0.4355
2.3954 -1.3912 0.1629
2.5068 -1.9769 -0.3603
-0.7802 2.2191 -0.5508
-0.6231 -2.1495 -0.4989
-1.0633 -1.1387 0.3820
-0.5665 -2.2497 -0.5728
-2.6036 -2.1186 -0.4751
-0.8899 -1.2764 0.2647
-2.3796 2.1525 -0.5012
0.7964 0.0823 0.9091
-1.3068 -0.8439 0.6062
3.0593 -1.9125 -0.3057
-1.2484 1.6019 -0.0284
0.3787 -1.5976 -0.0244
-0.8502 -1.5349 0.0327
-1.7716 0.4258 0.8307
2.7431 -1.2905 0.2523
2.8296 -1.8789 -0.2766
-1.9288 1.5554 0.0140
-0.7361 2.4691 -0.7135
2.2241 2.6080 -0.7853
-0.5553 0.5132 0.7946
-0.8889 2.1720 -0.5159
-0.3403 1.2743 0.2665
0.3578 2.2373 -0.5639
1.8384 1.8351 -0.2383
-2.7280 1.8054 -0.2120
-2.1257 -0.9476 0.5324
2.7123 -2.7192 -0.8320
-0.8548 -0.1497 0.9019
-3.0315 2.9796 -0.9002
-0.0535 0.7256 0.6824
2.1912 2.8992 -0.8855
1.1896 -2.1111 -0.4692
-2.2270 -2.4860 -0.7230
-1.5266 2.5979 -0.7806
1.1668 2.4381 -0.6956
-0.4224 -2.0465 -0.4177
-1.5348 0.8282 0.6168
0.8675 -3.0844 -0.9107
2.7255 -2.9275 -0.8913
-0.1041 -2.4550 -0.7055
-2.1337 3.0578 -0.9089
-2.0285 -0.6771 0.7109
2.2654 0.0642 0.9103
2.9046 -1.8392 -0.2419
-0.6832 -0.9784 0.5093
2.0864 -2.5188 -0.7409
1.1189 -1.5132 0.0525
0.4463 -0.5877 0.7591
-2.5201 3.0101 -0.9043
-0.6708 -1.3561 0.1943
0.0382 -2.1407 -0.4922
-2.0972 2.2316 -0.5598
-1.7780 -2.5438 -0.7540
2.5378 2.6403 -0.7999
1.9997 -0.0332 0.9116
2.3136 -0.6463 0.7282
1.7786 1.1462 0.3758
-0.4347 1.5574 0.0122
-2.0361 -0.8880 0.5755
0.3445 -2.6527 -0.8053
-2.1212 2.6022 -0.7826
-1.9675 -2.8949 -0.8845
-1.5035 -1.6692 -0.0896
1.3446 -0.2710 0.8789
2.0459 2.1239 -0.4792
1.0574 0.5949 0.7554
-1.5273 2.2586 -0.5791
-0.6443 2.4072 -0.6770
1.8322 -2.8583 -0.8758
0.5738 1.7379 -0.1517
1.4916 0.1262 0.9049
-0.1019 0.0091 0.9121
-0.3025 1.3480 0.2015
0.0644 0.7300 0.6797
-0.5983 1.8675 -0.2667
-0.0281 1.7393 -0.1530
-0.3909 1.6265 -0.0508
2.5717 -2.6212 -0.7914
-0.9407 2.9746 -0.8995
0.5907 -1.4922 0.0716
0.7158 -0.3283 0.8634
-0.6629 -2.3973 -0.6709
-2.0837 -0.7629 0.6593
2.4832 0.8937 0.5715
0.4758 -1.8833 -0.2804
0.0241 1.2494 0.2881
2.5054 -1.0006 0.4924
-1.0485 -0.3235 0.8648
1.8558 -2.5678 -0.7661
-2.3273 0.2277 0.8886
0.9542 -1.8247 -0.2291
2.9646 2.0868 -0.4501
-0.6084 0.6306 0.7367
2.2914 2.6307 -0.7957
-2.6160 -1.2989 0.2450
2.9678 0.9081 0.5612
-0.3977 0.3345 0.8616
1.3065 -2.2458 -0.5700
1.4814 0.6336 0.7351
-2.3181 -0.6277 0.7383
-0.2440 -2.0859 -0.4493
-3.0720 1.9575 -0.3440
1.0855 -0.6150 0.7450
-2.3876 0.9215 0.5515
-1.7397 -1.7227 -0.1380
-3.0786 -2.0423 -0.4143
2.0368 0.6591 0.7211
-2.1681 1.1008 0.4131
2.7524 1.6616 -0.0827
2.2836 -0.8583 0.5963
1.7071 -1.8906 -0.2868
-1.3478 1.1357 0.3845
-0.1328 1.3218 0.2248
1.2689 -2.8023 -0.8601
-2.7309 -2.4114 -0.6796
-0.0006 2.5150 -0.7389
2.6557 -2.4857 -0.7229
-1.0565 -0.6626 0.7191
-1.8529 0.3698 0.8505
0.7643 -2.4277 -0.6894
0.2334 1.1642 0.3607
0.8022 2.1271 -0.4817
0.0672 -1.7516 -0.1640
0.5248 1.7343 -0.1485
-2.0594 -1.2472 0.2900
-2.4778 0.0144 0.9121
-1.5198 2.5610 -0.7627
0.6088 -1.6721 -0.0922
1.9402 -1.5687 0.0019
0.1388 0.1858 0.8965
0.7712 1.8426 -0.2449
1.0373 3.0696 -0.9098
-1.0956 -2.6469 -0.8028
-1.9035 -2.0950 -0.4566
2.1770 -1.4185 0.1384
-0.0777 -2.8986 -0.8854
-1.6489 -1.9857 -0.3677
1.4719 -0.9993 0.4934
-2.1999 -0.8306 0.6152
3.0936 -1.1306 0.3887
-0.4638 1.2868 0.2556
2.7150 -0.6033 0.7511
-0.1841 1.0650 0.4419
1.3245 2.5742 -0.7692
0.4767 0.8084 0.6300
1.6181 -2.2359 -0.5629
-1.3329 -2.3959 -0.6701
-0.9531 -0.2045 0.8931
-1.1434 2.9697 -0.8987
-2.1038 -1.0648 0.4421
-3.0181 -0.7097 0.6919
3.1390 0.7591 0.6617
1.2083 3.0786 -0.9103
1.9442 -2.1359 -0.4885
-2.7944 -2.5002 -0.7309
-1.2120 2.8001 -0.8595
1.5383 -2.8865 -0.8826
0.3141 -0.3952 0.8418
-0.7688 0.9301 0.5452
-2.8022 1.9905 -0.3717
0.6384 1.2420 0.2945
-2.7701 0.4879 0.8057
-0.2534 2.5712 -0.7677
-1.5491 -1.1205 0.3970
0.7474 2.3176 -0.6196
-1.4235 0.7340 0.6773
0.1534 1.8586 -0.2589
-0.8282 -2.3497 -0.6408
2.0907 -0.4319 0.8284
-2.4749 -1.5958 -0.0228
2.9208 -0.5868 0.7596
-1.7167 1.9439 -0.3325
1.1304 -1.2664 0.2734
-1.1634 -0.6024 0.7516
-0.4742 2.5368 -0.7504
3.0898 -2.2993 -0.6073
0.7286 -2.2150 -0.5478
-0.0237 -2.6299 -0.7953
-0.5777 -1.4458 0.1137
2.1466 0.7879 0.6434
-1.7350 -1.5400 0.0281
1.6271 -0.3782 0.8477
1.7362 -0.4682 0.8140
-2.9346 -1.1776 0.3495
-1.1096 0.3072 0.8694
-1.9329 -1.3949 0.1596
-1.1839 2.3144 -0.6175
-1.6164 -0.7049 0.6948
1.3718 2.7464 -0.8418
-0.7336 -1.3828 0.1705
1.5800 -2.2625 -0.5818
-1.3115 -1.2995 0.2444
2.9382 2.1552 -0.5032
-0.8963 1.2807 0.2609
2.8536 -1.5274 0.0396
1.9143 -0.3624 0.8529
-2.6687 -0.4202 0.8328
-1.4420 0.9112 0.5590
3.0286 -1.6561 -0.0777
-2.1303 -1.5362 0.0316
1.0284 -1.5648 0.0055
-1.6499 -2.0563 -0.4257
-2.7953 2.0353 -0.4086
2.9417 -1.1033 0.4111
-1.2977 1.1062 0.4087
0.2557 -0.6910 0.7029
2.0804 0.4730 0.8120
1.8909 1.4628 0.0983
0.0918 -0.3426 0.8591
-1.7668 1.0572 0.4482
-1.3133 1.9844 -0.3666
2.8103 1.2339 0.3015
-2.1802 -2.9568 -0.8966
1.6436 0.2405 0.8859
-0.2747 -2.6665 -0.8111
-2.5667 2.1443 -0.4949
1.9986 1.2218 0.3119
-0.4524 -0.2524 0.8832
3.0906 1.5544 0.0150
1.3355 -0.0110 0.9121
-2.0775 -0.3716 0.8499
-0.9467 2.6369 -0.7984
2.1915 -1.3386 0.2099
1.0250 -2.7280 -0.8352
0.3219 1.1257 0.3927
-0.9471 0.9073 0.5618
-1.8259 1.8587 -0.2590
0.9641 1.8815 -0.2789
-2.8009 0.7825 0.6469
2.5185 -0.6101 0.7476
-0.2657 1.4393 0.1196
-2.4247 -0.1638 0.8999
2.3849 -0.0762 0.9095
0.1868 1.9925 -0.3734
-1.8446 2.6087 -0.7857
0.9492 0.4579 0.8182
2.5511 3.0582 -0.9090
1.0823 -2.9628 -0.8976
0.0301 0.1012 0.9075
-1.1894 0.7411 0.6729
0.5581 -2.7760 -0.8519
-0.6069 -0.6742 0.7126
1.1282 -2.4113 -0.6795
2.9626 2.6037 -0.7833
-0.4398 -2.9705 -0.8988
1.4521 0.9168 0.5549
-2.9824 -1.3184 0.2278
-1.0493 -2.0504 -0.4209
-2.1439 -1.0140 0.4820
1.2325 1.8969 -0.2922
2.8224 1.5433 0.0251
-2.1010 -1.9817 -0.3643
-1.4639 2.4757 -0.7173
-0.0217 3.0639 -0.9094
1.9734 -2.9460 -0.8948
-2.3147 -2.5735 -0.7689
-2.8764 -1.4094 0.1466
-2.2127 2.6665 -0.8111
-1.3593 -0.3090 0.8689
-1.3131 0.2073 0.8926
2.5846 0.9264 0.5479
-0.7387 1.7430 -0.1563
-0.6705 -1.1744 0.3522
2.6239 -1.4884 0.0751
1.6039 2.2711 -0.5878
0.9866 -0.0148 0.9121
0.9983 0.8795 0.5815
0.9631 -0.3537 0.8557
2.7494 0.0451 0.9112
-1.1144 -1.6751 -0.0950
2.9433 -2.3614 -0.6483
2.1428 -3.0748 -0.9101
1.4485 2.3194 -0.6208
2.8193 1.3722 0.1800
-1.7700 -2.4556 -0.7058
2.6901 -1.1242 0.3940
1.7531 1.2656 0.2741
2.2222 0.3919 0.8430
0.3496 0.3270 0.8638
0.4723 -0.8499 0.6021
1.7712 -2.7012 -0.8251
1.3076 0.1648 0.8998
-2.7088 1.0523 0.4520
-2.2517 -0.3370 0.8608
1.5963 0.3037 0.8704
0.9116 2.9763 -0.8997
0.0510 2.8442 -0.8721
1.8265 -1.7378 -0.1516
0.9778 0.2803 0.8766
3.0465 -1.5148 0.0511
0.8183 -0.4779 0.8100
1.8355 -1.0045 0.4894
1.5599 -1.8279 -0.2319
1.0264 -1.7498 -0.1624
0.4332 -2.2491 -0.5723
0.0074 1.5433 0.0251
-2.4301 -0.4137 0.8352
2.2401 -1.4830 0.0800
2.4534 1.0403 0.4615
-1.0041 -2.6187 -0.7903
2.2792 -1.2912 0.2517
0.7289 0.1312 0.9043
-3.1000 0.1439 0.9027
-1.1846 1.6811 -0.1004
-2.6861 -1.9575 -0.3440
-2.9081 1.1557 0.3679
2.9962 -0.3455 0.8582
2.3332 -1.9372 -0.3268
1.5622 0.1536 0.9014
1.5896 2.4195 -0.6845
-2.8896 2.9986 -0.9028
3.0826 0.6210 0.7418
0.7413 -0.9483 0.5318
1.5318 -2.5105 -0.7365
-0.9877 2.5784 -0.7713
-1.1657 -0.4021 0.8394
2.2265 2.1411 -0.4925
-1.5299 0.4274 0.8301
-2.8975 0.4153 0.8346
2.9322 1.1753 0.3514
-1.7763 3.0294 -0.9064
2.5336 1.7309 -0.1454
-0.5220 -1.4392 0.1197
2.7071 -0.0286 0.9118
1.9996 -2.9281 -0.8914
0.1075 -0.5411 0.7818
1.7595 -2.6442 -0.8016
-2.6390 2.7016 -0.8253
2.6786 -2.0419 -0.4140
0.1842 0.6894 0.7038
-0.0369 -0.8627 0.5933
-0.5409 0.8488 0.6028
-0.8902 0.7231 0.6839
1.2704 -1.7410 -0.1545
0.0956 2.3435 -0.6367
0.7459 2.4122 -0.6801
0.6076 1.1837 0.3443
0.7112 -0.1021 0.9074
0.8428 -0.8840 0.5784
-1.5567 0.2417 0.8856
1.3268 -0.9480 0.5321
2.8295 -1.7131 -0.1294
1.0567 -2.3737 -0.6562
-2.7225 2.1582 -0.5055
-2.6616 2.9406 -0.8938
-0.1167 -0.9205 0.5522
-1.7635 -0.6872 0.7051
-1.0985 0.5995 0.7531
-2.1653 -1.0990 0.4146
-0.4099 3.0541 -0.9087
1.8568 -1.3140 0.2317
0.4092 2.2092 -0.5436
-2.4841 2.1678 -0.5128
-1.8479 -2.0440 -0.4157
1.6246 -0.7600 0.6612
-1.6089 1.3377 0.2107
-1.9829 1.8347 -0.2379
-2.6212 -0.0032 0.9121
0.1143 2.1807 -0.5225
2.3926 0.7058 0.6942
-1.4472 2.4281 -0.6897
-2.3631 -2.6605 -0.8086
-2.6914 1.7766 -0.1864
1.1678 1.5004 0.0642
0.7188 -1.0695 0.4383
-0.6690 -1.0157 0.4807
-2.1948 2.3122 -0.6160
0.0848 -2.8705 -0.8788
2.0356 -2.7615 -0.8471
-1.7062 1.1234 0.3946
-1.9074 1.9027 -0.2972
0.1013 -2.8408 -0.8712
-1.4862 1.7853 -0.1942
-0.3361 0.4342 0.8275
-0.5803 -2.8617 -0.8767
2.0261 1.5008 0.0638
-0.7047 0.2085 0.8924
-0.9317 -1.5013 0.0633
1.9799 -1.5902 -0.0177
2.5054 -3.0533 -0.9086
-2.9770 -2.9743 -0.8994
-0.2413 -2.7661 -0.8486
2.2951 0.4822 0.8081
0.3544 -1.8799 -0.2775
-1.8594 0.5100 0.7961
-2.4767 2.2979 -0.6063
2.0679 0.0421 0.9113
2.4876 2.1191 -0.4754
2.0263 1.9236 -0.3152
0.2680 0.0860 0.9088
-0.0554 -1.8446 -0.2466
-2.7736 -0.6218 0.7414
-0.2992 2.5132 -0.7379
-2.2702 2.9168 -0.8892
-0.7223 -1.3953 0.1593
0.7297 0.0469 0.9111
0.0092 0.2132 0.8915
-2.0811 -2.1275 -0.4820
-2.4527 0.3787 0.8475
1.5050 0.7938 0.6395
0.6919 0.5324 0.7859
-0.0985 -0.3147 0.8674
0.7862 2.2957 -0.6048
0.8804 -2.1506 -0.4997
-0.6820 2.7309 -0.8363
0.4424 -2.0025 -0.3817
1.9439 2.2626 -0.5819
3.0072 2.2296 -0.5584
-0.7966 0.8567 0.5974
1.3626 2.9834 -0.9008
0.5388 -0.2450 0.8849
-0.9866 1.4901 0.0735
-1.0759 2.4573 -0.7068
-0.3018 -2.8353 -0.8697
-0.0286 -0.3152 0.8672
-1.4625 2.5461 -0.7551
-0.7343 -1.6593 -0.0806
-2.2809 2.8263 -0.8672
-1.4948 2.0348 -0.4082
-1.8401 -0.9977 0.4946
0.8426 -2.8419 -0.8715
-0.4557 -2.1136 -0.4712
-3.1369 -3.0877 -0.9108
-0.8650 2.7056 -0.8268
1.2188 -0.5069 0.7975
2.3186 1.5473 0.0214
2.4300 1.6662 -0.0869
0.1890 -0.7332 0.6778
-2.7774 -2.9715 -0.8990
1.6962 -2.6752 -0.8147
1.4387 1.4410 0.1181
2.6706 -0.1134 0.9063
2.3289 -0.2218 0.8898
0.8082 -2.7104 -0.8287
2.4192 -2.6288 -0.7948
0.2907 -1.6060 -0.0321
0.9877 -0.9645 0.5198
-1.4792 2.1023 -0.4623
-2.7891 1.5210 0.0454
2.0112 -1.9734 -0.3574
-2.9567 -2.0786 -0.4435
0.5841 -0.7415 0.6727
0.4273 -1.0314 0.4685
0.8577 0.6753 0.7120
-2.7389 2.8946 -0.8845
0.7350 0.0239 0.9119
-0.7826 0.5782 0.7639
0.1210 -0.9394 0.5384
-1.1458 -2.0574 -0.4265
-1.8579 -0.0282 0.9118
2.9752 -1.1684 0.3572
0.0937 -2.3497 -0.6408
-1.9648 -0.4556 0.8191
-2.2056 1.1970 0.3331
2.3645 1.4218 0.1354
-2.8720 -2.3470 -0.6390
1.1522 1.0757 0.4334
-0.1473 2.9933 -0.9021
-2.7453 1.1671 0.3583
2.5579 2.7696 -0.8498
2.7071 2.7065 -0.8272
-2.6935 2.7127 -0.8295
2.0396 -0.5726 0.7667
-1.7224 -1.7005 -0.1180
0.4785 0.7286 0.6806
0.4094 1.3519 0.1981
0.5173 1.4324 0.1258
-1.0900 -0.2725 0.8785
-2.4578 -0.2035 0.8933
1.2462 0.0781 0.9094
2.8755 -2.2706 -0.5875
-0.9811 0.6354 0.7341
1.6869 -2.7520 -0.8438
2.2300 -0.0646 0.9102
-0.4039 1.1910 0.3382
1.9436 2.4277 -0.6894
-2.5362 0.2303 0.8881
-2.7649 2.1476 -0.4974
-2.1905 0.3413 0.8595
2.9528 2.7962 -0.8583
0.0134 2.8726 -0.8793
-0.7961 -1.8583 -0.2586
1.7797 -1.7306 -0.1451
-2.0479 0.5649 0.7704
1.0911 2.4603 -0.7085
0.4958 2.9122 -0.8883
-0.8422 -1.3798 0.1732
1.5718 0.0019 0.9121
0.7179 0.1264 0.9049
-0.3931 1.3399 0.2087
-0.7964 -2.8529 -0.8744
-0.8554 2.5394 -0.7517
2.9300 -1.2310 0.3040
0.7738 -1.8340 -0.2373
-2.6880 2.9816 -0.9005
1.4613 0.2813 0.8763
1.7479 -1.1643 0.3607
-3.0808 0.7849 0.6453
0.8597 2.6200 -0.7909
-1.0723 3.1314 -0.9121
0.7615 1.0380 0.4633
-1.3829 -1.8710 -0.2697
2.9182 -0.1745 0.8983
-1.9220 0.4782 0.8098
-0.9536 0.2537 0.8830
-1.4576 -2.6190 -0.7904
-2.7588 -0.5728 0.7666
1.4273 2.0194 -0.3956
-0.1610 1.4067 0.1490
1.0497 -1.4165 0.1402
-2.6957 -2.5324 -0.7481
-1.5277 -1.9484 -0.3363
2.8908 1.4038 0.1516
1.7688 0.2127 0.8916
-0.8409 -0.8558 0.5980
1.3913 1.5015 0.0632
3.0961 -1.3949 0.1596
2.8913 1.8813 -0.2787
-2.1114 -0.4407 0.8250
-2.5961 -0.2653 0.8802
2.0878 0.8850 0.5777
2.4083 2.7069 -0.8273
-2.7268 1.9198 -0.3119
-2.5902 -2.2558 -0.5771
-1.0786 -0.7166 0.6878
-1.0353 0.2877 0.8747
1.5066 3.0379 -0.9073
1.6883 1.7223 -0.1377
-1.8678 0.5670 0.7694
-2.0229 3.1147 -0.9118
-0.0241 -0.6817 0.7083
-0.8018 -1.2668 0.2730
2.4861 1.5993 -0.0260
-0.0380 -2.9414 -0.8939
-3.0513 0.4780 0.8099
-0.1085 2.0903 -0.4528
-2.1630 2.0140 -0.3912
-0.6589 -2.4271 -0.6891
-1.1374 -2.6757 -0.8149
-1.5828 -1.1598 0.3644
-0.2324 3.0226 -0.9057
-0.0974 0.2708 0.8789
0.5641 -1.6531 -0.0750
-0.7239 1.8420 -0.2444
0.8278 0.5441 0.7804
0.9904 -2.3723 -0.6553
2.0507 -2.9514 -0.8957
-0.8958 0.6059 0.7498
1.4459 1.9073 -0.3012
-0.8095 -1.4624 0.0987
-0.4670 2.6921 -0.8215
-3.1054 -2.3353 -0.6314
-1.7470 2.5584 -0.7614
1.9294 -1.9161 -0.3087
-2.7335 0.9247 0.5492
2.2305 -2.0111 -0.3888
-1.3984 0.6503 0.7260
-1.1272 -2.3276 -0.6263
-0.3973 -0.6834 0.7073
-2.7118 0.7599 0.6612
-2.5764 -0.6122 0.7465
-2.5716 -0.3983 0.8407
-0.2710 -0.2426 0.8854
-0.2436 -2.6001 -0.7817
-0.2420 1.4416 0.1175
0.9032 0.0129 0.9121
-2.8554 1.3249 0.2220
2.2844 -0.5198 0.7917
1.8278 0.4625 0.8163
0.2757 -2.1938 -0.5322
-2.3773 -2.4059 -0.6762
2.1577 2.8854 -0.8824
0.2754 -2.5732 -0.7687
0.2982 2.0035 -0.3825
-1.8995 -0.5244 0.7896
0.8698 -1.0800 0.4299
1.8643 -2.8747 -0.8799
0.9536 -2.4507 -0.7030
1.3110 2.4730 -0.7158
2.8170 0.7306 0.6793
1.9075 1.6336 -0.0572
2.8563 -0.5752 0.7654
0.8942 -0.3501 0.8568
0.3460 2.1411 -0.4925
0.7188 -2.4766 -0.7178
2.8946 -1.0299 0.4697
-2.0186 1.4890 0.0745
1.1105 2.5004 -0.7310
0.3286 2.1433 -0.4941
-0.3513 1.6644 -0.0853
-0.9414 1.1354 0.3847
0.3746 -1.3976 0.1572
-2.9163 1.1786 0.3486
1.7099 0.6864 0.7056
-0.9370 0.0552 0.9108
1.5558 2.7638 -0.8478
-0.7789 -1.4271 0.1306
-1.5656 -2.4933 -0.7271
1.3302 -0.1521 0.9016
1.0961 -1.2013 0.3294
-1.1432 -2.2058 -0.5411
-2.3573 -1.6401 -0.0632
-0.1863 -2.1088 -0.4674
-0.4335 1.7411 -0.1546
2.0017 -3.0405 -0.9075
-3.0590 2.9658 -0.8981
-0.6776 0.9380 0.5394
3.0778 -1.9029 -0.2974
-2.1845 3.0773 -0.9103
0.3837 -0.5800 0.7630
-1.8972 -2.2657 -0.5841
-1.6781 -2.4649 -0.7112
0.3139 -1.9912 -0.3723
-1.4895 -1.1437 0.3778
1.5987 -3.0214 -0.9056
0.6076 -1.1877 0.3410
2.7854 -2.2033 -0.5392
1.4311 1.2225 0.3113
-0.0423 0.5781 0.7639
0.3017 0.2727 0.8784
1.2244 -0.4179 0.8337
0.2727 1.8209 -0.2258
2.3283 2.9888 -0.9015
-0.5131 1.2901 0.2527
-0.6507 2.0687 -0.4356
-3.0650 0.4997 0.8006
-0.2667 -0.9014 0.5660
1.0634 -0.1720 0.8987
0.6421 -2.9321 -0.8922
-0.8067 0.5449 0.7801
0.3425 1.9657 -0.3509
0.3987 2.4467 -0.7006
0.4541 -1.6870 -0.1058
0.0946 -1.5208 0.0456
1.5011 -0.9244 0.5494
0.1556 2.4430 -0.6985
-1.7657 -2.6767 -0.8153
0.2289 -2.9095 -0.8877
1.8894 -2.5405 -0.7523
1.7030 0.8632 0.5929
0.1482 -2.1477 -0.4975
-2.6594 -1.6310 -0.0549
2.7304 1.1943 0.3354
0.3179 -1.5074 0.0578
-2.4113 -2.4926 -0.7267
-1.4076 -2.5077 -0.7349
-2.0162 -3.0924 -0.9110
2.5621 0.8737 0.5856
-0.8545 -0.8007 0.6350
-1.9705 2.5956 -0.7795
2.3452 -1.9618 -0.3476
-2.6939 3.0333 -0.9068
2.8154 1.8602 -0.2603
2.5892 -2.0559 -0.4253
-0.0282 1.0307 0.4690
-3.0875 2.5902 -0.7770
-1.6163 1.7594 -0.1710
0.7727 1.3774 0.1753
-3.0094 0.0452 0.9112
1.3672 -0.5581 0.7737
-2.1413 -1.6362 -0.0596
1.4706 -0.8120 0.6276
2.3480 -2.6327 -0.7966
-1.2327 0.7642 0.6585
1.1485 1.1214 0.3963
-0.3011 0.8181 0.6236
-0.2709 -1.6754 -0.0952
1.1046 1.3361 0.2121
-2.3705 -1.2672 0.2727
-1.9801 -0.1738 0.8984
-1.2362 0.5883 0.7588
-0.9831 1.4837 0.0793
-0.9561 1.0873 0.4240
1.4945 1.2583 0.2804
2.0651 0.9877 0.5022
-1.8660 2.9795 -0.9002
-1.3509 -0.2453 0.8848
-2.9543 3.0013 -0.9032
-1.9543 2.2600 -0.5801
2.7319 -2.5349 -0.7494
0.6900 0.4388 0.8257
2.5372 -3.0230 -0.9057
-1.5268 -1.1874 0.3412
-2.7540 -0.1398 0.9033
-1.4272 0.9420 0.5365
0.9609 -2.0636 -0.4315
1.5892 0.9265 0.5479
-1.2215 -2.5506 -0.7574
2.3876 -0.0581 0.9106
-2.5468 -2.2748 -0.5904
1.4580 -1.7193 -0.1350
0.5424 -1.9702 -0.3547
-0.9924 1.1808 0.3468
-2.5697 -0.2680 0.8796
1.1684 -0.2367 0.8867
-1.0742 -2.9678 -0.8984
0.1485 -0.9965 0.4955
-1.1070 -1.5913 -0.0187
2.2036 -1.3377 0.2107
0.1241 1.9848 -0.3669
3.1169 -2.8991 -0.8855
-1.3082 1.3890 0.1649
0.0722 2.8757 -0.8801
1.5496 -2.9037 -0.8865
1.9482 2.9925 -0.9020
0.3653 -2.9103 -0.8879
-0.2839 3.0042 -0.9036
2.0440 2.8655 -0.8776
-1.7700 -2.1298 -0.4838
-1.9329 1.1283 0.3906
-1.9984 1.1899 0.3391
-1.5609 0.8782 0.5824
-2.0446 -2.4395 -0.6964
-0.6713 -1.7961 -0.2038
-0.0556 1.4442 0.1152
1.3496 2.7341 -0.8375
0.2839 -2.1188 -0.4752
-2.2388 0.2706 0.8790
-2.3489 -0.0083 0.9121
2.9980 2.5018 -0.7317
2.2392 -0.4047 0.8385
-0.0233 -2.0293 -0.4037
1.9047 3.0745 -0.9101
-1.9631 -0.2460 0.8847
-2.2149 -2.0602 -0.4288
1.3424 1.9613 -0.3472
-3.1198 1.4462 0.1134
-1.4098 -0.6138 0.7457
0.7385 -1.1590 0.3651
-1.5925 1.8385 -0.2413
2.2227 0.7920 0.6407
0.2934 0.7179 0.6870
-1.0686 -2.0498 -0.4204
-1.9185 1.4190 0.1379
-0.4523 -0.6768 0.7111
-2.8966 -1.4024 0.1529
-2.2337 -2.2335 -0.5612
-2.4674 1.3035 0.2409
-0.3108 -0.4835 0.8076
1.1106 -0.5346 0.7849
0.4080 -1.1880 0.3407
-2.7030 1.0891 0.4226
2.9360 0.7429 0.6718
-2.2856 3.1186 -0.9119
2.3928 0.8066 0.6312
-2.8347 -3.0035 -0.9035
0.3818 2.1677 -0.5127
0.7904 -1.5942 -0.0213
-1.7349 2.7862 -0.8551
-2.2838 1.1956 0.3343
-1.6622 -2.6074 -0.7851
2.1157 2.6075 -0.7851
-1.8222 -0.0707 0.9099
-2.1175 -0.6358 0.7339
-2.2352 -1.3567 0.1938
-1.9155 -0.2284 0.8885
-2.1211 2.8601 -0.8762
2.9793 -1.9829 -0.3654
-2.3579 2.0125 -0.3899
2.5452 0.3785 0.8476
0.6464 1.6362 -0.0596
-0.7216 -0.5955 0.7551
-0.8819 -2.5114 -0.7369
-1.9374 -0.3013 0.8711
0.5878 -1.1512 0.3716
2.9051 -1.3604 0.1905
-0.8651 1.4674 0.0941
-2.3765 -0.9611 0.5223
2.3473 0.8215 0.6213
1.5447 0.3873 0.8446
-3.1127 1.3218 0.2248
-0.5075 0.6710 0.7144
0.7558 2.0802 -0.4448
-1.0539 -2.9421 -0.8941
2.9528 1.7200 -0.1356
2.8009 -2.8455 -0.8725
0.3413 -1.9415 -0.3304
-2.9727 1.1254 0.3930
1.8584 2.0087 -0.3868
-1.2386 0.7477 0.6688
2.0416 -1.0543 0.4505
-1.8372 2.6177 -0.7898
-1.1241 2.0657 -0.4332
1.8602 -0.1183 0.9058
-0.1979 0.0469 0.9111
1.5969 -2.7279 -0.8352
0.4885 2.0180 -0.3945
-1.7575 -2.4024 -0.6741
0.0215 -1.1654 0.3597
-1.0922 0.5095 0.7963
2.7728 2.1446 -0.4951
1.7690 -2.2866 -0.5986
-2.9747 0.2096 0.8922
-0.4533 -1.6303 -0.0542
-2.4228 -2.4722 -0.7153
2.9606 0.9486 0.5316
1.9131 2.5798 -0.7720
1.2942 2.7132 -0.8297
1.3674 1.9130 -0.3061
0.7822 0.2339 0.8873
-1.1551 2.4926 -0.7267
1.6525 0.7689 0.6555
-0.0024 1.9437 -0.3323
1.5547 -1.0643 0.4425
-1.1290 -2.1548 -0.5029
0.2335 2.9251 -0.8909
-1.8430 -2.9185 -0.8895
0.3132 -1.0278 0.4713
0.0363 -0.9454 0.5340
-0.4329 -2.1638 -0.5098
0.5855 2.4060 -0.6763
-1.0907 2.6947 -0.8226
-2.7734 1.3534 0.1967
-2.7474 1.2276 0.3069
-0.9787 -2.3171 -0.6193
-1.7669 -1.9423 -0.3311
-0.5221 1.0582 0.4474
2.5172 -1.8431 -0.2453
-2.6864 0.1185 0.9058
2.5693 1.4890 0.0745
0.8640 -1.6386 -0.0618
2.7435 2.7733 -0.8510
-0.6390 2.6905 -0.8209
2.2169 2.5637 -0.7640
0.5467 -0.3414 0.8595
1.6268 -0.9840 0.5051
-0.2095 -3.1031 -0.9115
1.5145 0.7083 0.6927
1.4898 1.0864 0.4248
-2.5742 -1.3161 0.2298
-1.4564 -1.8079 -0.2143
-1.4829 1.9239 -0.3154
2.9219 0.7343 0.6771
-1.2917 -1.0966 0.4165
-1.6127 0.9056 0.5630
-0.9679 -1.2004 0.3302
2.6912 0.0440 0.9113
0.6053 -1.1309 0.3884
-2.1542 2.6438 -0.8015
-0.4353 -2.0902 -0.4528
-2.8911 -1.5562 0.0133
1.2190 -0.1867 0.8963
0.8895 -0.6204 0.7422
-0.3057 2.7464 -0.8418
2.7132 2.8982 -0.8853
0.0661 -1.2178 0.3153
-0.2103 1.8985 -0.2936
-1.9028 1.9421 -0.3310
-2.5442 -2.3926 -0.6680
-0.6465 3.0836 -0.9106
-2.2322 -0.1556 0.9011
-0.8040 3.0430 -0.9077
-2.6153 -1.8709 -0.2696
-1.9088 -2.8950 -0.8846
-0.4010 -2.1306 -0.4844
2.6499 0.9176 0.5543
0.4223 -0.7254 0.6825
2.3726 -2.8991 -0.8855
-1.0695 -1.5245 0.0422
-1.9548 -1.2954 0.2480
-1.4978 1.5104 0.0551
-1.1417 1.0405 0.4614
-0.9697 -0.5443 0.7803
-0.9998 3.0367 -0.9071
0.7571 2.2609 -0.5807
0.0303 0.4398 0.8253
-1.0073 1.6800 -0.0994
-2.6655 -1.9155 -0.3082
-2.4162 0.5244 0.7896
-0.7812 -1.2677 0.2723
1.1706 -2.5942 -0.7789
-1.0914 0.2475 0.8844
-2.9098 -0.7586 0.6620
1.5971 0.8698 0.5883
2.9865 -1.8606 -0.2607
-0.3452 -2.1777 -0.5202
-1.1567 1.3965 0.1582
-2.3270 -1.0908 0.4212
2.4051 -0.5318 0.7862
-0.5747 1.6786 -0.0981
-2.1222 -0.5804 0.7628
-1.1406 0.1392 0.9033
-2.2682 2.4723 -0.7154
2.7948 1.1353 0.3848
-0.1874 2.0517 -0.4219
-2.0572 0.3331 0.8620
-2.1690 0.4459 0.8230
2.2785 0.2269 0.8888
3.0324 -2.3278 -0.6264
-1.0109 -2.9921 -0.9020
-0.0201 -2.7215 -0.8328
1.9418 -2.8616 -0.8766
1.9844 -0.1092 0.9067
0.9511 -1.4029 0.1524
-2.7901 -0.8888 0.5750
-1.1065 -1.8470 -0.2487
-2.2017 -1.0924 0.4199
-2.4293 -0.5557 0.7749
-0.7027 -2.0202 -0.3963
-0.4417 -0.4527 0.8203
-2.6816 -0.3353 0.8614
-0.4479 2.9412 -0.8939
-0.1544 2.5409 -0.7525
-0.3731 2.4610 -0.7089
1.1521 -1.8934 -0.2892
1.6249 -2.6204 -0.7910
-2.3898 -1.5287 0.0384
-2.8586 1.2984 0.2454
-1.6672 2.8821 -0.8816
3.1292 -2.1973 -0.5348
-0.7997 0.0860 0.9088
-0.8287 1.7391 -0.1528
0.0929 1.6826 -0.1018
-1.7537 1.4355 0.1230
1.4006 -0.1908 0.8956
-3.0143 1.1560 0.3676
2.7582 1.7775 -0.1872
-2.8494 -2.8870 -0.8827
-2.8697 2.7166 -0.8310
1.6041 -1.6461 -0.0686
-2.3312 -1.5829 -0.0110
-2.1374 2.0428 -0.4147
0.2000 0.7327 0.6781
0.4162 2.6645 -0.8103
2.2552 -2.5277 -0.7456
1.8539 1.9659 -0.3511
-0.7256 0.2828 0.8759
-0.2041 2.9409 -0.8938
-2.4103 -0.3396 0.8601
-1.1295 1.6900 -0.1085
-1.7088 -1.7431 -0.1564
-2.2493 -0.3595 0.8538
0.3005 0.6858 0.7059
-0.4404 -1.9992 -0.3789
-1.9903 -2.0072 -0.3856
-2.2592 -2.5296 -0.7466
-2.5591 -0.2012 0.8937
2.6065 1.2525 0.2855
0.8462 2.3474 -0.6393
1.4315 -0.8770 0.5833
0.3999 0.3759 0.8485
-0.4193 2.5386 -0.7513
0.1716 2.3146 -0.6176
2.1563 1.7483 -0.1611
-1.9524 0.9201 0.5525
-1.8253 -3.0020 -0.9033
1.6259 -0.8936 0.5716
2.9499 0.9812 0.5072
-0.8635 2.4489 -0.7019
1.8504 -0.1325 0.9042
-0.0602 -2.4071 -0.6770
2.9478 1.9897 -0.3710
-0.8390 -0.6138 0.7457
2.9274 1.3184 0.2278
-0.1796 -0.4338 0.8277
1.6075 -1.0345 0.4661
-1.8966 0.7014 0.6968
2.8677 -1.3379 0.2105
-2.1667 -2.6056 -0.7842
-1.5605 2.5603 -0.7623
-2.3165 -1.0713 0.4369
0.1449 0.8697 0.5884
-0.7813 -1.4580 0.1027
-1.0553 -0.9192 0.5532
1.5499 1.7110 -0.1275
-2.6962 -2.6342 -0.7972
2.2164 -0.0555 0.9107
0.1597 2.4207 -0.6852
2.7191 2.8777 -0.8806
0.9910 1.3518 0.1982
-1.9414 -0.2249 0.8892
-1.1044 -2.4925 -0.7266
-2.6692 -1.8920 -0.2880
2.9845 0.1860 0.8964
1.7446 -1.3598 0.1910
0.0561 0.5828 0.7616
1.9358 0.6052 0.7501
-3.0534 -3.0063 -0.9038
-1.9427 -2.0840 -0.4478
1.0490 1.5985 -0.0253
-0.7818 1.4866 0.0767
-2.1416 -1.4026 0.1527
2.5673 0.3515 0.8564
1.5215 2.8016 -0.8599
-1.8087 -0.4401 0.8252
2.8205 2.8334 -0.8692
2.9209 -1.3042 0.2403
-1.5649 -1.5213 0.0451
1.0692 1.8563 -0.2569
0.1109 3.0764 -0.9102
3.0664 2.1897 -0.5292
0.1111 2.4760 -0.7175
1.4731 0.5091 0.7965
-1.4886 -0.7940 0.6394
1.9602 0.3618 0.8531
1.1674 -1.6825 -0.1017
-2.0841 -1.0645 0.4423
1.0608 -1.8780 -0.2758
-0.7078 -0.8697 0.5884
-1.4706 0.6894 0.7038
-0.2960 2.4354 -0.6940
-0.4251 2.6260 -0.7936
-1.0814 -1.1769 0.3501
-2.2426 2.5333 -0.7485
-2.8504 1.4107 0.1454
0.5574 2.0010 -0.3804
2.0046 1.8862 -0.2829
1.6372 1.6247 -0.0491
-2.4428 -1.6590 -0.0804
2.3493 -1.4658 0.0956
0.6162 -1.8521 -0.2532
2.2342 1.1699 0.3560
2.0765 -1.4145 0.1420
-0.0289 2.7349 -0.8377
-0.7515 1.3063 0.2385
0.3873 2.0645 -0.4323
2.6142 -3.0498 -0.9083
0.1599 -2.8330 -0.8691
2.1852 -2.1364 -0.4888
-2.0676 1.3883 0.1655
0.9977 0.2496 0.8839
-1.9212 2.5129 -0.7377
-1.8475 2.6068 -0.7848
-2.6980 1.5510 0.0181
1.6668 -1.6003 -0.0269
-1.4595 1.6708 -0.0911
1.4702 2.6146 -0.7884
-1.9966 0.2367 0.8867
-0.5358 -1.3197 0.2266
-2.7036 1.1157 0.4009
2.9155 1.1769 0.3501
-1.3893 0.7199 0.6858
3.0277 0.4475 0.8223
-2.8838 2.9271 -0.8912
2.1716 -1.4834 0.0796
-0.1181 2.6981 -0.8239
1.0981 -0.7881 0.6432
-1.3946 -0.8042 0.6327
-2.8041 2.9724 -0.8991
1.5841 -2.5760 -0.7701
2.8978 1.5913 -0.0187
0.2777 1.6174 -0.0425
2.2278 0.7391 0.6741
-0.3932 2.1241 -0.4793
2.1736 -2.6787 -0.8162
-0.5485 1.2025 0.3284
-0.9235 -1.1475 0.3747
0.2990 -0.0534 0.9108
-0.4590 0.5686 0.7686
-0.5078 0.8690 0.5889
-1.8338 -0.9804 0.5078
0.4976 -2.7430 -0.8406
1.6377 2.1861 -0.5265
1.6451 2.0921 -0.4543
-0.1487 -2.6342 -0.7972
2.1462 -2.5088 -0.7355
0.2376 1.5553 0.0141
2.5773 1.9038 -0.2982
1.0153 -0.8028 0.6337
2.9581 2.8506 -0.8738
-2.2967 2.2938 -0.6035
2.1136 0.7505 0.6671
