40 1 129 0 35 0 255000 0 137 1 0 209 0
65 0 395 1 25 0 265000 1 136 1 1 154 1
40 0 478 1 30 0 303000 0 136 1 0 148 0
68 1 646 0 25 0 305000 2 130 1 0 108 0
55 0 572 1 35 0 231000 0 143 0 0 215 0
60 0 2656 1 30 0 305000 2 137 1 0 30 0
43 1 358 0 50 0 237000 1 135 0 0 97 0
73 1 231 1 30 0 160000 1 142 1 1 180 0
59 0 66 1 20 0 70000 2 134 1 0 135 1
60 0 59 0 25 1 212000 3 136 1 1 187 0
50 0 369 1 25 0 252000 1 136 1 0 90 0
61 0 582 1 38 0 147000 1 141 1 0 237 0
85 1 102 0 60 0 507000 3 138 0 0 94 0
42 0 64 0 30 0 215000 3 128 1 1 250 0
42 0 64 0 40 0 189000 0 140 1 0 245 0
65 0 118 0 50 0 194000 1 145 1 1 200 0
69 0 1419 0 40 0 105000 1 135 1 1 147 0
65 0 146 0 20 0 162000 1 129 1 1 7 1
58 1 400 0 40 0 164000 1 139 0 0 91 0
49 1 69 0 50 0 132000 1 140 0 0 147 0
60 1 95 0 60 0 337000 1 138 1 1 146 0
60 1 737 0 60 1 210000 1 135 1 1 95 0
60 1 2281 1 40 0 283000 1 141 0 0 187 0
53 0 56 0 50 0 308000 0 135 1 1 231 0
58 1 200 1 60 0 300000 0 137 0 0 104 0
69 0 582 0 20 0 266000 1 134 1 1 73 1
82 0 70 1 30 0 200000 1 132 1 1 26 1
79 1 55 0 50 1 172000 1 133 1 0 78 0
62 1 655 0 40 0 283000 0 133 0 0 233 0
45 1 1876 1 35 0 226000 0 138 1 0 88 0
45 0 582 1 55 0 543000 1 132 0 0 250 0
61 1 80 1 38 0 282000 1 137 1 0 213 0
50 0 2522 0 30 1 404000 0 139 0 0 214 0
62 0 61 1 38 1 155000 1 143 1 1 270 0
60 0 166 0 30 0 62000 1 127 0 0 207 1
60 0 68 0 20 0 119000 2 127 1 1 64 1
45 0 582 1 38 1 263358 1 137 0 0 185 0
51 0 78 0 50 0 406000 0 140 1 0 79 0
50 0 582 0 62 1 147000 0 140 1 1 192 0
59 1 129 0 45 1 362000 1 139 1 1 121 0
45 1 981 0 30 0 136000 1 137 1 0 11 1
69 0 582 1 35 0 228000 3 134 1 0 30 1
58 1 60 0 38 0 153000 5 134 1 0 26 1
50 0 482 1 30 0 329000 0 132 0 0 109 0
72 0 211 0 25 0 274000 1 134 0 0 207 0
55 0 84 1 38 0 451000 1 136 0 0 246 0
65 0 582 1 40 0 270000 1 138 0 0 140 0
53 1 91 0 20 1 418000 1 139 0 0 43 1
58 1 133 0 60 1 219000 1 141 1 0 83 0
40 1 101 0 40 0 226000 0 141 0 0 187 0
68 1 1021 1 35 0 271000 1 134 1 0 197 0
50 0 124 1 30 1 153000 1 136 0 1 32 1
57 1 115 0 25 1 181000 1 144 1 0 79 0
73 0 582 0 35 1 203000 1 134 1 0 195 0
65 1 59 1 60 0 172000 0 137 0 0 107 0
95 1 112 0 40 1 196000 1 138 0 0 24 1
52 0 190 1 38 0 382000 1 140 1 1 258 0
46 1 291 0 35 0 348000 0 140 0 0 109 0
50 1 582 1 20 1 279000 1 134 0 0 186 0
75 0 582 0 20 1 265000 1 130 1 0 4 1
56 1 135 1 38 0 133000 1 140 1 0 244 0
51 0 582 1 40 0 221000 0 134 0 0 244 0
65 1 305 0 25 0 298000 1 141 1 0 87 0
45 1 66 1 25 0 233000 0 135 1 0 230 0
70 0 88 1 35 1 236000 1 132 0 0 215 0
52 0 3966 0 40 0 325000 0 140 1 1 146 0
60 1 156 1 25 1 318000 1 137 0 0 85 0
90 1 60 1 50 0 226000 1 134 1 0 30 1
50 0 318 0 40 1 216000 2 131 0 0 60 1
72 0 233 0 45 1 235000 2 135 0 0 115 1
53 1 582 0 45 0 305000 1 137 1 1 209 0
63 1 1767 0 45 0 73000 0 137 1 0 186 0
70 0 81 1 35 1 533000 1 139 0 0 212 0
62 0 231 0 25 1 253000 0 140 1 1 10 1
55 0 1820 0 38 0 270000 1 139 0 0 271 0
55 0 1199 0 20 0 263358 1 134 1 1 241 1
70 0 122 1 45 1 284000 1 136 1 1 26 1
40 0 90 0 35 0 255000 1 136 1 1 212 0
65 1 160 1 20 0 327000 2 116 0 0 8 1
60 0 96 1 38 0 228000 0 140 0 0 95 0
50 1 249 1 35 1 319000 1 128 0 0 28 1
70 0 97 0 60 1 220000 0 138 1 0 186 0
63 1 582 0 40 0 448000 0 137 1 1 123 0
58 1 57 0 25 0 189000 1 132 1 1 205 0
65 0 326 0 38 0 294000 1 139 0 0 220 0
62 0 281 1 35 0 221000 1 136 0 0 108 0
55 0 109 0 35 0 254000 1 139 1 1 60 0
75 0 582 0 40 0 263358 1 137 1 0 107 0
61 0 248 0 30 1 267000 0 136 1 1 104 0
90 1 337 0 38 0 390000 0 144 0 0 256 0
65 0 157 0 65 0 263358 1 138 0 0 10 1
41 0 148 0 40 0 374000 0 140 1 1 68 0
68 1 157 1 60 0 208000 1 140 0 0 237 0
45 0 582 0 80 0 263358 1 137 0 0 63 0
60 1 588 1 60 0 194000 1 142 0 0 33 1
53 1 707 0 38 0 330000 1 137 1 1 209 0
52 1 58 0 35 0 277000 1 136 0 0 120 0
70 0 582 0 20 1 263358 1 134 1 1 31 1
60 1 582 0 30 1 127000 0 145 0 0 95 0
60 1 257 1 30 0 150000 1 137 1 1 245 0
70 0 1202 0 50 1 358000 0 141 0 0 196 0
50 0 1846 1 35 0 263358 1 137 1 1 119 0
53 0 63 1 60 0 368000 0 135 1 0 22 0
55 0 66 0 40 0 203000 1 138 1 0 233 0
85 0 129 0 60 0 306000 1 132 1 1 90 1
67 0 582 0 50 0 263358 1 137 1 1 76 0
85 0 212 0 38 0 186000 0 136 1 0 187 0
78 0 224 0 50 0 481000 1 138 1 1 192 0
60 0 235 1 38 0 329000 3 142 0 0 30 1
65 1 720 1 40 0 257000 1 136 0 0 210 0
45 0 615 1 55 0 222000 0 141 0 0 257 0
50 1 54 0 40 0 279000 0 141 1 0 250 0
60 0 1211 1 35 0 263358 1 113 1 1 186 0
49 1 80 0 30 1 427000 1 138 0 0 12 0
60 0 582 1 38 1 451000 0 138 1 1 40 1
58 0 144 1 38 1 327000 0 142 0 0 83 0
65 1 258 1 25 0 198000 1 129 1 0 235 1
55 1 2794 0 35 1 141000 1 140 1 0 206 0
67 0 213 0 38 0 215000 1 133 0 0 245 0
45 0 308 1 60 1 377000 1 136 1 0 186 0
45 1 130 0 35 0 174000 0 139 1 1 121 0
72 0 127 1 50 1 218000 1 134 1 0 33 0
54 1 427 0 70 1 151000 9 137 0 0 196 1
50 0 185 0 30 0 266000 0 141 1 1 112 0
80 0 582 1 35 0 350000 2 134 1 0 174 0
73 0 582 0 20 0 263358 1 134 1 0 198 1
53 0 207 1 40 0 223000 1 130 0 0 214 0
50 1 111 0 20 0 210000 1 137 1 0 7 1
72 1 328 0 30 1 621000 1 138 0 1 88 1
70 1 69 1 50 1 351000 1 134 0 0 44 1
63 0 193 0 60 1 295000 1 145 1 1 107 0
55 0 7861 0 38 0 263358 1 136 1 0 6 1
60 1 1082 1 45 0 250000 6 131 1 0 107 0
42 0 5209 0 30 0 226000 1 140 1 1 87 0
57 1 129 0 30 0 395000 1 140 0 0 42 1
50 1 2334 1 35 0 75000 0 142 0 0 126 1
70 0 69 0 40 0 293000 1 136 0 0 75 0
50 1 167 1 45 0 362000 1 136 0 0 187 0
65 0 94 1 50 1 188000 1 140 1 0 29 1
60 0 897 1 45 0 297000 1 133 1 0 80 0
60 0 3964 1 62 0 263358 6 146 0 0 43 1
65 0 582 1 30 0 249000 1 136 1 1 212 0
50 1 168 0 38 1 276000 1 137 1 0 11 1
44 0 84 1 40 1 235000 0 139 1 0 79 0
53 0 196 0 60 0 220000 0 133 1 1 134 0
63 1 103 1 35 0 179000 0 136 1 1 270 0
81 0 4540 0 35 0 231000 1 137 1 1 107 0
60 0 253 0 35 0 279000 1 140 1 0 250 0
73 1 1185 0 40 1 220000 0 141 0 0 213 0
60 1 260 1 38 0 255000 2 132 0 1 45 1
68 1 577 0 25 1 166000 1 138 1 0 43 1
65 0 198 1 35 1 281000 0 137 1 1 146 0
40 0 244 0 45 1 275000 0 140 0 0 174 0
45 0 2413 0 38 0 140000 1 140 1 1 280 0
60 0 1896 1 25 0 365000 2 144 0 0 172 1
70 0 835 0 35 1 305000 0 133 0 0 145 0
49 0 789 0 20 1 319000 1 136 1 1 55 1
80 1 553 0 20 1 140000 4 133 1 0 41 1
77 1 109 0 50 1 406000 1 137 1 0 209 0
50 0 245 0 45 1 274000 1 133 1 0 215 0
65 1 128 1 30 1 297000 1 136 0 0 20 1
66 1 72 0 40 1 242000 1 134 1 0 121 0
70 0 618 0 35 0 327000 1 142 0 0 245 0
64 1 62 0 60 0 309000 1 135 0 0 174 0
58 0 132 1 38 1 253000 1 139 1 0 230 0
60 0 2261 0 35 1 228000 0 136 1 0 115 0
53 1 1808 0 60 1 249000 0 138 1 1 106 0
62 0 30 1 60 1 244000 0 139 1 0 117 0
63 1 61 1 40 0 221000 1 140 0 0 86 0
65 1 68 1 60 1 304000 0 140 1 0 79 0
65 1 135 0 35 1 290000 0 134 1 0 194 0
66 1 68 1 38 1 162000 1 136 0 0 95 0
50 0 196 0 45 0 395000 1 136 1 1 285 0
65 1 52 0 25 1 276000 1 137 0 0 16 0
60 1 151 1 40 1 201000 1 136 0 0 172 0
58 0 582 1 35 0 122000 0 139 1 1 71 0
55 0 748 0 45 0 263000 1 137 1 0 88 0
44 0 582 1 30 1 263358 1 130 1 1 244 0
80 0 898 0 25 0 149000 1 144 1 1 87 0
